8.494984980296066412e-02
4.422391750099040064e-01
2.381000417239526601e-01
6.497914710675832539e-02
4.251801470277035144e-01
1.768323192196567528e-01
9.989452671560623553e-01
1.910226161113939003e-01
4.806682631709247033e-02
2.989140123116690861e-01
8.001067314634962013e-01
6.696210885195587326e-02
2.477072763087088958e-01
1.847598047941330368e-01
9.180987872721425580e-01
6.326438771391304505e-02
2.248440859812678716e-01
3.380495621682603202e-01
7.904594446668209429e-01
1.800676777103248638e-01
2.462466249468419910e-01
4.668878480349574617e-02
2.144964622483886696e-01
3.944721455655315068e-01
1.209608698452165620e-01
3.189589841398021708e-01
3.859061220165674322e-01
3.653034495234775553e-02
3.280920098091371501e-02
1.329018699855904206e-01
4.856520476971988576e-02
8.813450367424653653e-02
4.272332150986950933e-02
2.397831816830277851e-01
7.425435755459343090e-01
3.842804304342335442e-01
7.601059707933439935e-02
5.275000482543490410e-01
1.117035141473388532e-01
5.146294941176798865e-02
2.528463479984364715e-01
4.824722551927310144e-01
8.623048329504824638e-02
1.008547842179246534e-01
8.798161299710189898e-01
4.515252999473369500e-02
1.816354474180781053e-01
8.976126967918690580e-02
7.393190464372170756e-02
2.688642716779418018e-01
9.990251964928045236e-01
2.101582318744865119e-01
9.983822854265339553e-01
4.332089989149598974e-01
8.019559500098827343e-01
8.973978536535204276e-01
6.563480652162428930e-01
5.517242016025036833e-01
6.321237552781948654e-01
9.236465764902804798e-01
8.136789962219267425e-01
8.055965215559474091e-01
1.874938278740225228e-01
8.789642179145307210e-01
9.439690318314385431e-01
6.781194352152449811e-01
8.086665571375126760e-01
9.951512357719261015e-01
3.980017785694875965e-01
9.252414236512964685e-01
9.709355182138312834e-01
3.267270380388544448e-01
6.281015844471519172e-01
4.513281525822755991e-01
7.856965710997635410e-01
9.819733191188850796e-01
7.484657328030063228e-01
5.049087132540989176e-01
9.735822384321861644e-01
2.654904150481711689e-01
1.662641557272377113e-01
9.995285153162420944e-01
9.461189604062509861e-01
9.229508085356894487e-01
5.271082969843243760e-01
8.602351031765252953e-01
7.982723300094924923e-01
6.459911995368298188e-01
7.388796338768093275e-01
9.996801404304470617e-01
2.514420799040837928e-01
6.800377060868562085e-01
6.581070344463524346e-01
7.609519672437395910e-01
8.075014084794671643e-01
5.543342608227450619e-01
5.534935344218515629e-01
7.108029755812175221e-01
9.945085716111604635e-01
4.322066855862806145e-01
