1.867126423745794628e-01
1.236502159722318861e-01
1.223722631571664832e-01
1.244399277904059686e-01
9.444347664525982733e-01
9.152950081706832108e-01
3.106655365067930719e-01
9.693122223285078123e-03
2.291725845145497209e-01
1.909832670647321762e-01
1.714590543345111406e-01
1.219832417034622668e-01
8.248814289759747176e-01
9.323440761734205773e-02
8.500249076649822877e-01
4.078233782696881471e-02
2.929745616221711146e-01
1.527631236220387267e-01
2.723507068912639495e-01
6.393272994233667461e-02
1.467304706934141612e-01
2.226429370048269574e-01
1.233353716835601660e-01
4.556764664276827248e-02
2.229147664270520190e-01
2.239107633093380123e-01
3.794234169132656431e-01
9.950783419868401702e-02
9.991600435241375366e-02
1.166211068777730925e-01
4.128843200534996760e-01
5.828430605540244613e-01
7.137697831948915106e-02
1.865834177447491804e-01
7.521103300932889535e-02
2.914930222716702879e-01
3.650181758583649905e-01
2.822900859893520686e-01
1.053939459424563518e-01
1.872444200319078531e-02
2.301398048242190020e-01
6.936320862426946510e-02
2.045350297929909300e-01
3.168527913669098028e-01
9.053425102149222081e-02
2.252962131168807502e-01
2.577040904188133141e-01
3.783790098585743111e-02
1.427356596105855413e-01
1.585169854480012186e-01
9.305329284136029111e-01
7.343892996563223807e-01
7.816768224832170153e-01
8.576607562189721978e-01
5.860210424691465469e-01
8.434828011821995375e-01
9.082686225218117304e-01
6.664612595999493960e-01
6.496720645297494601e-01
9.556156682939298541e-01
8.947158111469349917e-01
4.232306758898825017e-01
9.767042219445480900e-01
6.741335082414890989e-01
5.099264070079688738e-01
9.788718251785522018e-01
9.514328246473284789e-01
8.108954649722408536e-01
9.006998042927445436e-01
4.223570366375050122e-01
6.243290337471582019e-01
4.785230775492916311e-01
3.519322386298657235e-01
9.843174490652962794e-01
2.590778530056958018e-01
8.449950421480145746e-01
8.227731514433455073e-01
7.234621203962098290e-01
8.529369072742855329e-02
7.616949995400853490e-01
7.520160275284648588e-01
8.888011229020045256e-01
8.916216606586659932e-01
9.616107389091638202e-01
7.649789390694892166e-01
9.537929917221453779e-01
9.954115594625227992e-01
4.102206051144106080e-01
9.803749430576246260e-01
8.960967069066301249e-01
7.338657559610177739e-01
4.908094434958948371e-01
5.640008345221736441e-01
8.593125055764677667e-01
2.207078026071770949e-01
9.466619919838522579e-01
8.895261104907166150e-01
6.719920119294424676e-01
8.256974814761015580e-01
9.782006097557938151e-01
