4.786682436111697192e-01
3.448009262413518905e-01
2.927206386968193574e-01
3.000471775419715215e-01
3.332714790462180110e-01
3.724796266791505217e-01
3.579168630349406355e-01
2.093285623036970078e-01
3.392826614471362023e-01
2.584160568607412056e-01
3.247734191905635170e-01
3.524408216620719680e-01
4.021584839479824813e-01
3.471699460471041609e-01
2.675228647718541630e-01
4.459480942421326644e-01
3.136301927781187660e-01
2.755416377152838936e-01
3.877048813160664520e-01
2.532264395625617448e-01
2.312907101761666473e-01
3.481560456179277341e-01
3.524643937095262025e-01
4.436205949167872920e-01
2.151349237386483149e-01
1.834766363373985243e-01
2.966660978326574050e-01
4.191114036232926887e-01
3.070980770285581252e-01
6.031976742651650181e-01
4.180580141293209762e-01
3.251810542967162321e-01
2.593333148707515079e-01
2.959838447637520575e-01
3.894194395379610985e-01
3.840328521836039455e-01
4.490425234282064970e-01
5.415521442566108012e-01
3.257201560509392357e-01
2.837686847991611194e-01
3.812713544703278390e-01
3.022986084691658415e-01
2.659218425047253365e-01
3.998741994535888744e-01
2.943941691822079543e-01
4.046303191682714129e-01
2.568356926894384551e-01
1.845063657200849416e-01
3.402087416733841074e-01
5.886693962570469507e-01
3.935129400897441898e-01
4.673089847744384406e-01
2.738225485025431727e-01
3.687874483991882557e-01
4.705647603869615447e-01
2.488351866476984087e-01
3.591345694721889137e-01
3.797729490164565846e-01
3.700393002423989497e-01
3.207433854477633184e-01
3.810867612050563014e-01
3.145031144551186930e-01
2.091475742270098304e-01
6.730823024115297759e-01
6.211482873079861022e-01
5.620758608912438392e-01
5.602706656910512173e-01
6.660023728343280602e-01
6.028217033498807220e-01
7.182514547812626216e-01
7.610971929702299299e-01
6.973762495609879819e-01
6.744214316934886710e-01
6.278969157913195653e-01
6.588587130889084209e-01
5.549292708943669439e-01
6.315591664496104096e-01
6.344837139150927285e-01
7.019827217660362662e-01
5.372224760601191917e-01
6.574583990629363495e-01
7.612898093169244707e-01
6.944724091439206104e-01
6.524573489337216481e-01
6.221032901637197909e-01
5.436117643827439450e-01
6.572407107581975660e-01
6.710030981125855165e-01
7.400577783238766472e-01
6.292884619750760411e-01
5.616843575253042120e-01
6.567463603056544752e-01
6.107866831075825509e-01
6.693204245415003140e-01
6.027151821519710628e-01
7.444634400094993776e-01
6.971009894107168536e-01
5.988678652625063492e-01
7.400740993747244589e-01
7.131035659369989732e-01
7.407927776234369821e-01
6.339810668156273810e-01
6.290130241825648838e-01
7.106631447276403613e-01
5.574359963267591089e-01
6.433114156390005167e-01
6.182473883482987320e-01
6.931989408369969574e-01
5.950991003756305187e-01
6.028181647247230490e-01
7.141023233606589304e-01
5.897048721191184839e-01
6.467711419536285034e-01
5.976198111210530017e-01
5.358317448839213792e-01
6.497263996891815552e-01
6.975565661600718892e-01
5.840932806675817046e-01
7.110452543201608577e-01
6.405457791959119351e-01
6.137765591885104843e-01
6.533712825811696101e-01
5.890280219499136605e-01
7.086662158591677807e-01
7.321463935990392136e-01
5.053128852173018881e-01
