6.073730489327706233e-02
9.244401644903222151e-03
8.330588696053764855e-03
1.355972623133663499e-02
1.383938195864927931e-02
2.893633608694895498e-02
1.601443682007869587e-02
1.055224163184597785e-03
2.471987837849775466e-02
5.397005025886619095e-03
1.057127283827535846e-02
1.136465936825297937e-02
1.410956409330835042e-02
1.432259545756833959e-02
4.721343244757956331e-03
8.408188994902204838e-02
4.221863531638464333e-03
8.434724253959396262e-03
2.060302615605398222e-02
3.037106420630897221e-03
3.191430821359142900e-03
2.697685874229337200e-02
1.602086496196403198e-02
2.141364526189083045e-02
1.668024228206786740e-03
2.023080643667304803e-03
6.957432424827623973e-03
4.637030523163159640e-02
4.103667303296974420e-03
1.051723848905458669e-01
1.774673745110596362e-02
3.962470536763163485e-03
1.750575530085051248e-03
4.682396279820352780e-03
3.929558887450930460e-02
1.459654606525168617e-02
3.941558427214841842e-02
5.289896617832965525e-02
5.520118078275816458e-03
5.675907783254172459e-03
1.455914886531777322e-02
6.291321173208744982e-03
2.660917842020601304e-03
2.148754090697311755e-02
1.361404479476216976e-02
2.193996313789299199e-02
3.952248001076725734e-03
1.433549176300478447e-03
1.017118842179611654e-02
1.943547944483133560e-01
1.299617104704250611e-02
2.468919099928950506e-02
6.171419336091109840e-03
2.404237771205176150e-02
1.461874202352919302e-02
1.923291231069594598e-03
1.494330834484489286e-02
1.166350750876003761e-02
2.024582883148779572e-02
1.184968438824387550e-02
6.597612343240400606e-03
4.817773637116671073e-03
1.082588175637936917e-03
2.180312758908634629e-01
1.331686285002062209e-01
1.081828674786450006e-01
1.029275886734682260e-01
1.336581793860025791e-01
1.246406603407612668e-01
2.519517695067342022e-01
3.720755639606175280e-01
2.059952341128913067e-01
1.982754617449519474e-01
1.553115148681433744e-01
2.089219157107659042e-01
1.011990477562771107e-01
1.536790272348950714e-01
1.293275975275149647e-01
1.703087027885965277e-01
7.154108035251215136e-02
1.578411244729490959e-01
3.795639991146075864e-01
2.080460433990780622e-01
1.726798320176815837e-01
1.087449380461133208e-01
9.569066982996397852e-02
1.218149529437106693e-01
1.854929246230581086e-01
2.744263587127319659e-01
1.652175310953671039e-01
1.096112590322469021e-01
1.607406917287399761e-01
1.274149348013924321e-01
1.723571493256203235e-01
1.375741185371258390e-01
2.419455398412080349e-01
1.999767661457201029e-01
1.091045140809644848e-01
1.951216787197986580e-01
2.302541605346703213e-01
2.895578338109567884e-01
1.600962886155471443e-01
1.452806394022412018e-01
2.270521069216975829e-01
7.830756006995288898e-02
1.473195641977752546e-01
1.534616792305930344e-01
2.029832159498420885e-01
1.226783859988652969e-01
9.655831048467668210e-02
2.242938349441340740e-01
8.891184940547702809e-02
1.870264915829295826e-01
9.996468723315055094e-02
7.816651694220859425e-02
2.096267823666417562e-01
2.606192639525167776e-01
1.231635024563555031e-01
2.153985118170244906e-01
1.578202185639518418e-01
1.397218257310226253e-01
1.425793946812840551e-01
1.154329918425809065e-01
1.890305715911377027e-01
2.733295368116094859e-01
5.703268761884220522e-02
